
delta = 0
avgBLEU =

    0.5315    0.2750    0.0613
    0.6493    0.4395    0.2413
    0.6820    0.4491    0.2489
    0.6812    0.4688    0.2967


delta = 0.01
avgBLEU =

    0.4730    0.2368    0.0350
    0.5384    0.3518    0.1925
    0.6494    0.4207    0.2269
    0.6287    0.4067    0.2603


delta = 0.05
avgBLEU =

    0.4704    0.2308    0.0350
    0.5814    0.3542    0.1983
    0.6221    0.4093    0.2168
    0.6172    0.3885    0.2354


delta = 0.1
avgBLEU =

    0.4963    0.2482    0.0492
    0.5880    0.3726    0.1983
    0.6049    0.3893    0.2043
    0.5900    0.3885    0.2354


delta = 0.5
avgBLEU =

    0.4895    0.2403    0.0471
    0.5937    0.3915    0.2128
    0.6451    0.3976    0.2263
    0.6081    0.3936    0.2354


delta = 0.75
avgBLEU =

    0.4693    0.2205    0.0350
    0.6153    0.3866    0.1983
    0.6353    0.4153    0.2043
    0.6230    0.3760    0.2455


delta = 1
avgBLEU =

    0.4883    0.2376    0.0350
    0.5532    0.3318    0.1731
    0.6040    0.3631    0.1875
    0.6041    0.3778    0.2354